-7.091725029460422565e-18,-5.856408488550675031e-18,3.647337767283546006e-04,1.194660125699139198e-03,2.432621819270319383e-03,3.997450178759738397e-03,5.812342453608588914e-03,7.811175327086417042e-03,9.939328282640241818e-03,1.215286689088490579e-02,1.441722899680520156e-02,1.670583755736582826e-02,1.899881042449261953e-02,2.128182850540720483e-02,2.354517399910379533e-02,2.578292866767651140e-02,2.799231405158979225e-02,3.017315397635132734e-02,3.232744097003475980e-02,3.445899052067907115e-02,3.657316961744040695e-02,3.867668839078113735e-02,4.077744577816647814e-02,4.288442198123182392e-02,4.500761208285355974e-02,4.715799661696574302e-02,4.934754621708949129e-02,5.158925885812844919e-02,5.389722994121066285e-02,5.628675818783427515e-02,5.877449544494108002e-02,6.137865935121968042e-02,6.411935193094812913e-02,6.701908183180120548e-02,7.010371242731124053e-02,7.340434170597201491e-02,7.696126622412734208e-02,8.083265919398974209e-02,8.511401491920971007e-02,8.998258563752116468e-02,9.580183638588091188e-02,1.033805891876986155e-01,1.146785925500588277e-01,1.317420413056020201e-01,1.553651003149025267e-01,1.791251448173706573e-01,2.029051320891118171e-01,2.266888447118375338e-01,2.504738706595127096e-01,2.742598167720356472e-01,2.980466043064526338e-01,3.218342031479742293e-01,3.456225872800504639e-01,3.694117269357333200e-01,3.932015867611155513e-01,4.169921230628874098e-01,4.407832741556708678e-01,4.645749354495300465e-01,4.883670371280400824e-01,5.121595250975193858e-01,5.359523454931406361e-01,5.597454427814039235e-01,5.835387597381689329e-01,6.073322377942530492e-01,6.311258179209556785e-01,6.549194455475079168e-01,6.787131068602104689e-01,7.025067673969497273e-01,7.263003739578318685e-01,7.500938680133021341e-01,7.738871960088787860e-01,7.976803330676549564e-01,8.214733796009755507e-01,8.452669919717983316e-01,8.690643726386868551e-01,8.928808866446572567e-01,9.167945548830254143e-01,9.412648475350972044e-01,9.703263748978586678e-01,9.810868691775088690e-01,9.863572500947804800e-01,9.896224910614597192e-01,9.920515154849144368e-01,9.940708806336352454e-01,9.958199238665338404e-01,9.973154085263109536e-01,9.985219815554340350e-01,9.993883201749050871e-01,9.998747411404893537e-01,1.000000000000000000e+00
-1.346441071784433885e-17,-2.791877311617564005e-17,2.777159155528941317e-08,3.532850830141889136e-08,2.414659128650339176e-08,1.774697928553725948e-09,-2.719540303131143556e-08,-6.064673669522776424e-08,-9.775753375520108377e-08,-1.382641593510886923e-07,-1.820919028023994482e-07,-2.291937457237523134e-07,-2.794928006123060514e-07,-3.328715931330571205e-07,-3.891794991704119950e-07,-4.482447460716508940e-07,-5.098850846658054602e-07,-5.739149748230436236e-07,-6.401488142868955226e-07,-7.084004004565697496e-07,-7.784789800335078020e-07,-8.501821814646125839e-07,-9.232859710338322434e-07,-9.975315859741047160e-07,-1.072609203875656455e-06,-1.148137921735762555e-06,-1.223641459611344510e-06,-1.298518918296337391e-06,-1.372010016906665834e-06,-1.443154768027786532e-06,-1.510749082406142508e-06,-1.573301577052972953e-06,-1.629005583117393914e-06,-1.675759775248578544e-06,-1.711313192122504285e-06,-1.733701425401839419e-06,-1.742334405898528318e-06,-1.740505492856375845e-06,-1.740949411163359108e-06,-1.777809601319345971e-06,-1.931130408440472597e-06,-2.365033187445193757e-06,-3.243448495294235095e-06,-3.268405120798545667e-06,-3.573595434736449545e-06,-3.901845693752985300e-06,-4.233311195168115540e-06,-4.565509273462567896e-06,-4.898203094624433073e-06,-5.231376307891949550e-06,-5.565027336198332058e-06,-5.899153298619200552e-06,-6.233749875051735821e-06,-6.568811981633492396e-06,-6.904336210102731510e-06,-7.240346860901013613e-06,-7.577392971081326693e-06,-7.918825277231196369e-06,-8.260493322372048278e-06,-8.602633254219898380e-06,-8.945275346650117976e-06,-9.288417062533539420e-06,-9.632044517735625116e-06,-9.976099444888849452e-06,-1.032022451999888012e-05,-1.066674203037508660e-05,-1.102907883353101234e-05,-1.139267107223771332e-05,-1.175684500797447512e-05,-1.212153739990382793e-05,-1.248673816352063968e-05,-1.285245065708018885e-05,-1.321870070650915064e-05,-1.358560558306628078e-05,-1.395372901763123228e-05,-1.432653607874587411e-05,-1.474045040842974496e-05,-1.527802577087441263e-05,-1.577781663161715480e-05,-1.666709404473298086e-05,-1.675499380089843604e-05,-1.605699150906034450e-05,-1.465307620461752515e-05,-1.268368164278551242e-05,-1.032705431531780863e-05,-7.780052915838316807e-06,-5.248882292185509934e-06,-2.948290672650834541e-06,-1.108747130260611223e-06,3.128727637058837813e-16
2.700000000000000178e-01,2.700000000000000178e-01,2.719337058588421341e-01,2.747639190173509771e-01,2.779977998755100987e-01,2.813735110072215218e-01,2.847458388608969937e-01,2.880332369117267755e-01,2.911901125896456666e-01,2.941915535314355568e-01,2.970247133401046069e-01,2.996838787335153187e-01,3.021675981654836640e-01,3.044769746374300090e-01,3.066146231623938512e-01,3.085840140796534681e-01,3.103890457733855524e-01,3.120337579476556988e-01,3.135221339056399326e-01,3.148579609298831072e-01,3.160447294199057455e-01,3.170855580531812823e-01,3.179831361483371754e-01,3.187396768637446032e-01,3.193568765890369421e-01,3.198358774208701072e-01,3.201772315766154842e-01,3.203808700413420252e-01,3.204460847790243094e-01,3.203715489305516972e-01,3.201554320611938453e-01,3.197957378538504591e-01,3.192911422124894427e-01,3.186429299244943891e-01,3.178593049969470896e-01,3.169647758982451768e-01,3.160203241501888249e-01,3.151664759487701195e-01,3.147155120224753300e-01,3.153525365245446466e-01,3.185974214642464108e-01,3.280092256076573842e-01,3.531404246838746319e-01,3.965606058435922066e-01,4.598500683176239834e-01,5.192294507587332797e-01,5.746806326370157425e-01,6.262021181331629549e-01,6.737937534395271877e-01,7.174556731287338174e-01,7.571880576478766667e-01,7.929910864998532816e-01,8.248649308158851889e-01,8.528097519951205463e-01,8.768256991220259033e-01,8.969128966217002619e-01,9.130713869796200921e-01,9.253008914905640481e-01,9.336014293830775523e-01,9.379731111138760458e-01,9.384160378083915566e-01,9.349303021216273102e-01,9.275159885940769122e-01,9.161731738038738637e-01,9.009019263552021650e-01,8.817023225359007510e-01,8.585747937373759964e-01,8.315195511106792114e-01,8.005366734848048393e-01,7.656262037079677452e-01,7.267881737976662482e-01,6.840226163753052591e-01,6.373295753699791399e-01,5.867090831832900699e-01,5.321608128992574294e-01,4.736814756888662048e-01,4.112453112335678895e-01,3.445664602914315089e-01,2.694981672883849377e-01,2.391222837728061157e-01,2.274530247457399179e-01,2.250143501476552510e-01,2.275671244282128636e-01,2.328469548928821242e-01,2.395268380772948291e-01,2.467720902582634102e-01,2.540005172089195296e-01,2.607158239440366954e-01,2.663444656332872862e-01,2.700000000000009059e-01
3.619163284068920291e-17,7.432914528055465651e-17,2.842904986523267739e-07,6.096306693256254368e-07,9.542840268815632898e-07,1.317921395555967561e-06,1.696662496215527218e-06,2.084849375768399484e-06,2.477511490286290743e-06,2.871227594096161185e-06,3.264095817136488962e-06,3.655402149123996984e-06,4.045260266324968967e-06,4.434316465433950179e-06,4.823535802881971068e-06,5.214058158139997420e-06,5.607106859830791582e-06,6.003934163687178947e-06,6.405791533042084228e-06,6.813916214716633756e-06,7.229528408191764568e-06,7.653835354923611945e-06,8.088040065963751830e-06,8.533353317570443092e-06,8.991008095695772568e-06,9.462275917207374639e-06,9.948484370648125438e-06,1.045103464077216270e-05,1.097141630346249445e-05,1.151121341860595739e-05,1.207208905207100730e-05,1.265572098448255182e-05,1.326363163446502250e-05,1.389679412846976740e-05,1.455477192257168665e-05,1.523389871230888533e-05,1.592351151267314336e-05,1.659831823014207646e-05,1.720340783635589143e-05,1.762670597294710079e-05,1.765769061059613922e-05,1.697636859132694274e-05,1.538378630650909907e-05,1.498803474851951469e-05,1.646552726255270610e-05,1.781611146105433499e-05,1.915121186096116804e-05,2.048478438887242324e-05,2.181893599484262025e-05,2.315412325703434881e-05,2.449059706325180661e-05,2.582858734887331445e-05,2.716833999007205709e-05,2.851021792215837293e-05,2.985518933737111373e-05,3.120719772038265663e-05,3.258514022184575229e-05,3.404522566400196054e-05,3.551520952945674071e-05,3.698966419695179337e-05,3.846806695419304937e-05,3.995048971986609485e-05,4.143716379243748174e-05,4.292914924210852783e-05,4.443407569439521165e-05,4.602749166932889902e-05,4.792091004417222398e-05,4.988770765495753953e-05,5.187842016333461267e-05,5.388203073192839883e-05,5.589635912381213086e-05,5.792159201183464539e-05,5.995964025831141536e-05,6.201693521910728595e-05,6.411457614019757854e-05,6.631636533123198851e-05,6.876185734694074340e-05,7.255737302502718463e-05,7.233104886671392090e-05,8.185510936690274940e-05,8.351944699891442959e-05,7.889743138842385728e-05,7.062770956386746064e-05,6.046393857194779599e-05,4.935017804277609936e-05,3.781640266508641258e-05,2.629746743074611322e-05,1.537843016716074977e-05,6.044554181014786050e-06,-9.178368832895650722e-16
-2.384858940054344549e-17,-4.466338454496330109e-17,1.999566113484467847e-03,3.617039809092701536e-03,4.903126007831926786e-03,6.083484073330957739e-03,7.288898966427416644e-03,8.572906987368662454e-03,9.948476095983795064e-03,1.141124469794718363e-02,1.295157646695375107e-02,1.456013404628450809e-02,1.623008558710183416e-02,1.795768269746930365e-02,1.974211959981420073e-02,2.158512804526095327e-02,2.349052257491898374e-02,2.546378830143647756e-02,2.751174337387397514e-02,2.964228061722359864e-02,3.186418143376634760e-02,3.418699148328990106e-02,3.662094757714536020e-02,3.917694640307174681e-02,4.186654693053654813e-02,4.470199873091701415e-02,4.769628680145825833e-02,5.086317752934269715e-02,5.421723528735042374e-02,5.777374418756127394e-02,6.154839170253761232e-02,6.555640058911103851e-02,6.981042662867860404e-02,7.431574614140502855e-02,7.905956074054801275e-02,8.398763979378454092e-02,8.895388828737296749e-02,9.361234699964310346e-02,9.718755299087653010e-02,9.799190310924008052e-02,9.245305263523760642e-02,7.355733850552370612e-02,3.436450123510950694e-02,1.629805595726291009e-02,1.671296189905089116e-02,1.563200874190509224e-02,1.437077107537342718e-02,1.306187894530333633e-02,1.171826573100941300e-02,1.034205183264125597e-02,8.934683789552439609e-03,7.497631266093401914e-03,6.032368169901432958e-03,4.540346253277763137e-03,3.022971459758692220e-03,1.481521395475524690e-03,-8.324565475140750391e-05,-1.672845102280514631e-03,-3.286567045809772429e-03,-4.923045459060580373e-03,-6.580963419289954756e-03,-8.259030919196134676e-03,-9.955980892986618369e-03,-1.167056889695488112e-02,-1.340157891382147935e-02,-1.514774117102530952e-02,-1.690526027612176962e-02,-1.867191710406739327e-02,-2.044635418484664832e-02,-2.222740309170570874e-02,-2.401392390367812144e-02,-2.580473196939167199e-02,-2.759859805171859665e-02,-2.939517721015692114e-02,-3.120356807529651305e-02,-3.310440140733660053e-02,-3.568047097402729517e-02,-4.293916501979302275e-02,-8.986885576827947919e-02,-4.998241789398531754e-02,-1.930735730847581849e-02,-1.164842550919462311e-03,7.931053180941788003e-03,1.126466236688607354e-02,1.111239555783073013e-02,8.975195380452232266e-03,5.903750370566890684e-03,2.776893895705814103e-03,5.156075750068733450e-04,5.548169842062646850e-17
-2.456332887084744049e-18,-7.068595284639496232e-18,-3.146491167553646044e-07,-2.097189035125578664e-07,-1.063321093549702932e-07,-2.218016100415177083e-08,7.462512825235317355e-08,2.058257332694535325e-07,3.810309531725292102e-07,6.023414965658359085e-07,8.679413125053446438e-07,1.174247524450455444e-06,1.517093899157316514e-06,1.892346217934345225e-06,2.296198783082558674e-06,2.725296980212240657e-06,3.176767826175690501e-06,3.648204012443505405e-06,4.137626262905075635e-06,4.643437197573663675e-06,5.164373405733120606e-06,5.699458819425793332e-06,6.247960445726051785e-06,6.809346291831565772e-06,7.383244422797245499e-06,7.969401117094603430e-06,8.567634540979327074e-06,9.177777359002748793e-06,9.799595485717155463e-06,1.043265704423332592e-05,1.107609767499175399e-05,1.172816901554909477e-05,1.238533143942573574e-05,1.304038649271194499e-05,1.367858470133922069e-05,1.426946474474594924e-05,1.474968077836004485e-05,1.498672402720469656e-05,1.470201370789384155e-05,1.331031798174225007e-05,9.634451016036525771e-06,2.208022634783180660e-06,5.239232403313107925e-06,3.413957352134360911e-05,3.303385748624097573e-05,3.242340038045877208e-05,3.177522806517700017e-05,3.114069346391394046e-05,3.053001983115076717e-05,2.994369001360683410e-05,2.938059224380035073e-05,2.883939330044961463e-05,2.831875592691597489e-05,2.781735284660934713e-05,2.733373407802499412e-05,2.686406345925418412e-05,2.634338767207093331e-05,2.536154123750641534e-05,2.443539825316757804e-05,2.352878239498098212e-05,2.263564888468666382e-05,2.175425557625585649e-05,2.088419149972292447e-05,2.003075705841454344e-05,1.924099127057238588e-05,1.825222839057734887e-05,1.543560408315775031e-05,1.255371951977160207e-05,9.662979665509068380e-06,6.763809023978199127e-06,3.854006154398438320e-06,9.310435737160536437e-07,-2.007703921316368494e-06,-4.965248801488905525e-06,-7.950113942955131592e-06,-1.107449523397576712e-05,-1.699763807231034074e-05,-2.287153340003047914e-05,3.139909085002340209e-05,2.699847589184219707e-05,3.167978541605428967e-05,3.420508204359810678e-05,3.314299243840987673e-05,2.929452835967753373e-05,2.375881261052679950e-05,1.752313179361177507e-05,1.141030812558761003e-05,6.122183781799730336e-06,2.255271751918252268e-06,2.879858085518563209e-16
3.338434203444177489e-17,6.394518019062463992e-17,4.347801806983890848e-09,-3.574743224258485063e-07,-6.528113610276073920e-07,-8.919012998377653875e-07,-1.121001473880324825e-06,-1.365977458575157709e-06,-1.636566720578709966e-06,-1.934249563316293910e-06,-2.257034261747063399e-06,-2.601844428903876937e-06,-2.965583727406857007e-06,-3.345545716791817637e-06,-3.739522060769921528e-06,-4.145784388009673843e-06,-4.563022793835549053e-06,-4.990278021682197897e-06,-5.426882266483048829e-06,-5.872413436798934946e-06,-6.326663440826958550e-06,-6.789619569238679820e-06,-7.261457776858601717e-06,-7.742546844597863041e-06,-8.233462622075813861e-06,-8.735011417983878348e-06,-9.248260640402044595e-06,-9.774571884579861446e-06,-1.031562459876266300e-05,-1.087340231045480594e-05,-1.145007766561245527e-05,-1.204765481329953558e-05,-1.266706044446102849e-05,-1.330601783231246585e-05,-1.395428088693903923e-05,-1.458320458052253343e-05,-1.512325031721684529e-05,-1.541590979461933506e-05,-1.511187100380728852e-05,-1.346143588329309481e-05,-8.948923673563628211e-06,4.457661911945955501e-07,6.511542975869490727e-07,1.006201460483873659e-03,4.622834551487234496e-03,5.146409591989515794e-03,5.364655246777538800e-03,5.528804976104732642e-03,5.647844586655974622e-03,5.718078205239137020e-03,5.737940312420070250e-03,5.706932070848955672e-03,5.624850811756809156e-03,5.491549177726221843e-03,5.306870415018005195e-03,5.070631366376655499e-03,4.782664525857895262e-03,4.443013585906839535e-03,4.051152355837858016e-03,3.606875669795176625e-03,3.109851338388291194e-03,2.559708460979463317e-03,1.956041379875497321e-03,1.298393173239323177e-03,5.861415331406935776e-04,-1.814566762386825695e-04,-1.003958273838121990e-03,-1.883062959541430487e-03,-2.819070726436361928e-03,-3.812438568649977825e-03,-4.863433104998133791e-03,-5.971128364653805441e-03,-7.129452803787654155e-03,-8.311319231546777583e-03,-9.407024709053520700e-03,-1.000000775335994387e-02,-8.671726354749137444e-03,1.424975923235359375e-05,-3.266182130981728652e-05,-2.991472291556144337e-05,-3.405615836375825795e-05,-3.430026247989425165e-05,-3.118636786342276356e-05,-2.649402266587098820e-05,-2.127616097162935108e-05,-1.600215307222795170e-05,-1.090945270487027285e-05,-6.260704494047544424e-06,-2.489055014128469164e-06,-1.227806961687972894e-16
9.000000000000000222e-01,9.000000000000000222e-01,8.947230924930358320e-01,8.885737403150332225e-01,8.826956318569143534e-01,8.774066314769685127e-01,8.727671861735762926e-01,8.687470890030205561e-01,8.652868937347307776e-01,8.623236197932847569e-01,8.598014993719960142e-01,8.576757748962071659e-01,8.559132332830375889e-01,8.544913086793509693e-01,8.533966731618265467e-01,8.526237618219786318e-01,8.521734319506419908e-01,8.520518303002887484e-01,8.522694814630881188e-01,8.528405835820884739e-01,8.537824881784460418e-01,8.551153398294645269e-01,8.568618540260563021e-01,8.590472152955638263e-01,8.616990812056058990e-01,8.648476800726435654e-01,8.685259895568799848e-01,8.727699768276536707e-01,8.776188622013211260e-01,8.831153232390651642e-01,8.893054556048736181e-01,8.962380874800517372e-01,9.039625725127964362e-01,9.125231798984830833e-01,9.219460601969821090e-01,9.322102020996637650e-01,9.431839336239344895e-01,9.544864870143945357e-01,9.651813453822222222e-01,9.730639447477348325e-01,9.728193515521595947e-01,9.500913283112021324e-01,8.535082244848359867e-01,8.354147539959405622e-01,8.144075173583306126e-01,7.991690935843978050e-01,7.851841416146146946e-01,7.716134400639301782e-01,7.583119979323711402e-01,7.452457212951003607e-01,7.323996453205150470e-01,7.197625215270659904e-01,7.073239852735964117e-01,6.950739851228183719e-01,6.830026346539186388e-01,6.711001142453904000e-01,6.593566324739970064e-01,6.477636653866682970e-01,6.363117108837391678e-01,6.249914654513798462e-01,6.137939132715347634e-01,6.027101789034909896e-01,5.917314982888155495e-01,5.808492153083050225e-01,5.700548237875331381e-01,5.593402019298888694e-01,5.486963346934140562e-01,5.381149373536705527e-01,5.275879072531269864e-01,5.171071265516126170e-01,5.066646687128328885e-01,4.962534197588665541e-01,4.858697299603038644e-01,4.755259002164030635e-01,4.653131200986480032e-01,4.557436503891695856e-01,4.498768201294915392e-01,4.707284320339080175e-01,8.253825636084419770e-01,9.313902501263613409e-01,9.692571748998783931e-01,9.813042135857937831e-01,9.814363506981188534e-01,9.751732084286868218e-01,9.650639097845388203e-01,9.525047469158673952e-01,9.384673941556639365e-01,9.239094634830627983e-01,9.102047454814249372e-01,9.000000000000000222e-01
-1.800000000000000044e+00,-1.800000000000000044e+00,-1.790709798980492984e+00,-1.775505154360657700e+00,-1.757319649044320364e+00,-1.737937588274393930e+00,-1.718362838122426073e+00,-1.699147133411210264e+00,-1.680591489379371861e+00,-1.662860045040597257e+00,-1.646042677618474892e+00,-1.630188989771254038e+00,-1.615326599343540170e+00,-1.601470928772515734e+00,-1.588630442393088371e+00,-1.576809470760723420e+00,-1.566009766139762727e+00,-1.556231392958273396e+00,-1.547473267613852288e+00,-1.539733509290616587e+00,-1.533009684059903233e+00,-1.527298983773383245e+00,-1.522598360279575624e+00,-1.518904624011113480e+00,-1.516214507951739732e+00,-1.514524688785407358e+00,-1.513831741012970244e+00,-1.514131966983292221e+00,-1.515420975652318480e+00,-1.517692732135002220e+00,-1.520937476730794602e+00,-1.525137221269287302e+00,-1.530256061807263146e+00,-1.536219438051085850e+00,-1.542869913128803505e+00,-1.549873223031470237e+00,-1.556519005739063877e+00,-1.561297034165022080e+00,-1.560985166518009226e+00,-1.548624130377946884e+00,-1.508698027354817173e+00,-1.403867347156903422e+00,-1.128055450036013818e+00,-1.124609405986109811e+00,-1.131293938802113708e+00,-1.130858037415486406e+00,-1.130136407560845990e+00,-1.129519101072280929e+00,-1.129052122696942329e+00,-1.128742788770680239e+00,-1.128592422406622164e+00,-1.128601357925474558e+00,-1.128769826510973351e+00,-1.129098129546950879e+00,-1.129586683113732004e+00,-1.130236048697774054e+00,-1.131046937437961697e+00,-1.132019874253079594e+00,-1.133155747729365448e+00,-1.134455575165907559e+00,-1.135920438059409232e+00,-1.137551526147756009e+00,-1.139350145424047334e+00,-1.141317715589861947e+00,-1.143455739016911998e+00,-1.145765737896439429e+00,-1.148249716655744157e+00,-1.150909529148435917e+00,-1.153747210979400473e+00,-1.156764916309164226e+00,-1.159964865298503955e+00,-1.163349107709003016e+00,-1.166918429526401679e+00,-1.170666798249085705e+00,-1.174551244968603969e+00,-1.178330440419319336e+00,-1.181050329848812641e+00,-1.191348746420930693e+00,-1.686508714864668246e+00,-1.919856556686575511e+00,-2.020911465303976584e+00,-2.054632537433880746e+00,-2.050833177700214449e+00,-2.025640382068983669e+00,-1.988518199740621828e+00,-1.945454828303495143e+00,-1.900735109667262002e+00,-1.858193449853941193e+00,-1.822407130308012047e+00,-1.800000000000000044e+00
1.516413720305181065e-17,3.712132211268090237e-17,4.347896242409997797e-09,-3.574739771820011865e-07,-6.528106535186705867e-07,-8.919000984615617235e-07,-1.120999642425564087e-06,-1.365974872157772420e-06,-1.636563272914555127e-06,-1.934245168408632828e-06,-2.257028849854674126e-06,-2.601837941491130143e-06,-2.965576112260245144e-06,-3.345536922261774563e-06,-3.739512032973068450e-06,-4.145773066044985599e-06,-4.563010109121497042e-06,-4.990263894186325222e-06,-5.426866604155825328e-06,-5.872396133509715778e-06,-6.326644374815053162e-06,-6.789598602470468338e-06,-7.261434752227548955e-06,-7.742521585608460864e-06,-8.233434929668740759e-06,-8.734981069184639686e-06,-9.248227385557767331e-06,-9.774535444792682660e-06,-1.031558466245036617e-05,-1.087335852935458214e-05,-1.145002965010415143e-05,-1.204760212633564522e-05,-1.266700259181272112e-05,-1.330595424989048628e-05,-1.395421091639981602e-05,-1.458312742658009003e-05,-1.512316497118839833e-05,-1.541581490424991509e-05,-1.511176472055684350e-05,-1.346131607031049034e-05,-8.948790693651657806e-06,4.458961336116541816e-07,6.512633546463946253e-07,-9.943622266005791663e-04,-4.611669796320338327e-03,-5.134666333555411126e-03,-5.351988811577107832e-03,-5.515254620975756743e-03,-5.633497145782567772e-03,-5.703022908568078711e-03,-5.722263924136764511e-03,-5.690718704386696532e-03,-5.608182555733432981e-03,-5.474508432106588683e-03,-5.289549831280672063e-03,-5.053173612809667807e-03,-4.765289554206866840e-03,-4.425439124991297456e-03,-4.033684799855885572e-03,-3.589614883015770832e-03,-3.092867815317367451e-03,-2.543068195224903408e-03,-1.939813749199515661e-03,-1.282683971488223157e-03,-5.713281938757517860e-04,1.947017929584927910e-04,1.016981170183036201e-03,1.895014924657074419e-03,2.829668085269452984e-03,3.821564432769171144e-03,4.871011108131672630e-03,5.977091976764809141e-03,7.133739343776689459e-03,8.313878396704648538e-03,9.407893916205771478e-03,1.000000779986326069e-02,8.682821903427699259e-03,1.425187723836386724e-05,-3.265938109239676192e-05,-2.991100674575321284e-05,-3.405201933783740767e-05,-3.429649428623081988e-05,-3.118336315692017430e-05,-2.649186167992281614e-05,-2.127475967271633432e-05,-1.600135515715575123e-05,-1.090907846738941769e-05,-6.260579919729806484e-06,-2.489036213330758087e-06,-1.348423065149118100e-16
9.000000000000000222e-01,9.000000000000000222e-01,8.947231292118599244e-01,8.885739946378083953e-01,8.826961467561410535e-01,8.774074271118404988e-01,8.727682792874165152e-01,8.687484953088366879e-01,8.652886282740572810e-01,8.623256971590574915e-01,8.598039338832902390e-01,8.576785806985092186e-01,8.559164243868023769e-01,8.544948989640650527e-01,8.534006763683997798e-01,8.526281915470553807e-01,8.521783016483812645e-01,8.520571532916944024e-01,8.522752709497558588e-01,8.528468526595083254e-01,8.537892498430953436e-01,8.551226069733837143e-01,8.568696394120155491e-01,8.590555315050878438e-01,8.617079405507895862e-01,8.648570944605983302e-01,8.685359702923650671e-01,8.727805343343199018e-01,8.776300056336142630e-01,8.831270599425918855e-01,8.893177903576016119e-01,8.962510213992262997e-01,9.039761014205911493e-01,9.125372917571461517e-01,9.219607308561253989e-01,9.322253878459491050e-01,9.431995574687694894e-01,9.545024124030646595e-01,9.651973241396685221e-01,9.730795121581351514e-01,9.728336254656912985e-01,9.501028947755548737e-01,8.535216879313743954e-01,8.354250599991338566e-01,8.144185372321381955e-01,7.991798282642209594e-01,7.851943715691305226e-01,7.716231347623896397e-01,7.583211602831464448e-01,7.452543596913572266e-01,7.324077696138797666e-01,7.197701426534365288e-01,7.073311153801880025e-01,6.950806380960047326e-01,6.830088279340800206e-01,6.711058738537434287e-01,6.593619944138510158e-01,6.477686195203778974e-01,6.363162822407308905e-01,6.249956691648265172e-01,6.137977637643895479e-01,6.027136915006153783e-01,5.917346912321652663e-01,5.808521174920197039e-01,5.700575057354031472e-01,5.593427851309185073e-01,5.486987558732621117e-01,5.381171934678563584e-01,5.275899883583859973e-01,5.171090293101874291e-01,5.066663942781070018e-01,4.962549742322980850e-01,4.858711354239870217e-01,4.755272481269922635e-01,4.653148079819450222e-01,4.557474094325780767e-01,4.498902056880255684e-01,4.707861183905821534e-01,8.254698446041781601e-01,9.314956900421985653e-01,9.693721692262522449e-01,9.814167174776234903e-01,9.815378369806019299e-01,9.752590352270470442e-01,9.651321369088419200e-01,9.525551540607433143e-01,9.385009595051819753e-01,9.239282023776511643e-01,9.102118136377964630e-01,9.000000000000000222e-01
-1.800000000000000044e+00,-1.800000000000000044e+00,-1.790709265747140400e+00,-1.775504375941569846e+00,-1.757318689771499853e+00,-1.737936468879261787e+00,-1.718361579910187453e+00,-1.699145765362313654e+00,-1.680590046670624282e+00,-1.662858566059569387e+00,-1.646041201321265079e+00,-1.630187553774670173e+00,-1.615325238705734190e+00,-1.601469675304041163e+00,-1.588629324337305082e+00,-1.576808512711699084e+00,-1.566008989099199500e+00,-1.556230814461210032e+00,-1.547472901874066276e+00,-1.539733367331336700e+00,-1.533009773805012133e+00,-1.527299310079974326e+00,-1.522598924895501638e+00,-1.518905425441742674e+00,-1.516215541218915996e+00,-1.514525945058866396e+00,-1.513833207090149235e+00,-1.514133624587617133e+00,-1.515422800512254753e+00,-1.517694692796084377e+00,-1.520939533039810110e+00,-1.525139322452991442e+00,-1.530258144046495516e+00,-1.536221421424454503e+00,-1.542871697767452810e+00,-1.549874684280558190e+00,-1.556519988001497712e+00,-1.561297342560317380e+00,-1.560984552901894418e+00,-1.548622259598816830e+00,-1.508694382137618861e+00,-1.403861282546911227e+00,-1.128056810663097709e+00,-1.124610044675616871e+00,-1.131294651267758633e+00,-1.130858383905124720e+00,-1.130136386817736538e+00,-1.129518708929935444e+00,-1.129051347664038252e+00,-1.128741617477086123e+00,-1.128590840799307715e+00,-1.128599351416385899e+00,-1.128767379948924177e+00,-1.129095227144445879e+00,-1.129583308471471259e+00,-1.130232186490685686e+00,-1.131042578512178931e+00,-1.132014985581512256e+00,-1.133150325891194576e+00,-1.134449603008122365e+00,-1.135913896719280558e+00,-1.137544395777990491e+00,-1.139342404725487423e+00,-1.141309340776618608e+00,-1.143446714914867268e+00,-1.145756076430537673e+00,-1.148239325793256160e+00,-1.150898445605516907e+00,-1.153735429189980843e+00,-1.156752418508035785e+00,-1.159951628929758449e+00,-1.163335104786204166e+00,-1.166903614674905887e+00,-1.170651055289278819e+00,-1.174534173555478178e+00,-1.178310670148223771e+00,-1.181025234565898696e+00,-1.191346223201811050e+00,-1.686539436427368255e+00,-1.919878197017295562e+00,-2.020933211897925741e+00,-2.054655659965349823e+00,-2.050856104511038502e+00,-2.025660911295010358e+00,-1.988534640072784576e+00,-1.945466419573262717e+00,-1.900742042298484424e+00,-1.858196693128208565e+00,-1.822408116000284739e+00,-1.800000000000000266e+00
4.883353767763120043e-17,9.124520868823797544e-17,4.168998574726659227e-07,5.179357437249170615e-07,7.007686363521689525e-07,9.536965762101807873e-07,1.225004957307289160e-06,1.481523216547600514e-06,1.707589154844685403e-06,1.898145661161245662e-06,2.053733069169996465e-06,2.177532542648097519e-06,2.273750419869532657e-06,2.346784678326818587e-06,2.400825729184652763e-06,2.439689690996848291e-06,2.466770856112464787e-06,2.485051324340415520e-06,2.497134715248795201e-06,2.505286843922791778e-06,2.511474898643051964e-06,2.517401210644911164e-06,2.524530020405717963e-06,2.534106811327621595e-06,2.547170392754158858e-06,2.564558483622851952e-06,2.586908550537411120e-06,2.614657964347128198e-06,2.648052860409355138e-06,2.687187079898492007e-06,2.732119075160882807e-06,2.783172385495735749e-06,2.841649801538010927e-06,2.911457880276912526e-06,3.002706361304134122e-06,3.139556447258058394e-06,3.377183675781408865e-06,3.838350084853897457e-06,4.792361500691991774e-06,6.823340056841606004e-06,1.114023333225999917e-05,1.932852305355708614e-05,1.703887805510193973e-05,7.389711458389312598e-04,5.830660114553388139e-03,7.300690628264315009e-03,7.948149407131576555e-03,8.392778551478198221e-03,8.759822679074352747e-03,9.074255198017551829e-03,9.341258375998350363e-03,9.562097216800876168e-03,9.737247344366851964e-03,9.867057733942464354e-03,9.952078047544863498e-03,9.994012278018682763e-03,9.999976636676437963e-03,9.999971495658989407e-03,9.999969805123383806e-03,9.999969693350515068e-03,9.999969530579111074e-03,9.999969363726435301e-03,9.999969176080489644e-03,9.999968781772465912e-03,9.999977506446145609e-03,9.999901402209642604e-03,9.977001950055909910e-03,9.915560377138780621e-03,9.812318293909664396e-03,9.666382571331689696e-03,9.476848055322357328e-03,9.240779732300721111e-03,8.947704984099115466e-03,8.561799316097582283e-03,7.967814663147694890e-03,6.832175432353903774e-03,4.398977061512460152e-03,9.802891853344131460e-05,7.972485602446159928e-05,1.105986618500597301e-04,1.135404459953245481e-04,1.046586954438317806e-04,9.083058837349003477e-05,7.524520684254630749e-05,5.941707827798777398e-05,4.410095266696070743e-05,2.978357417094240194e-05,1.697051356413067352e-05,6.460519098894123586e-06,-2.673062188313133557e-16
9.000000000000000222e-01,9.000000000000000222e-01,8.923933685684920514e-01,8.843184554749670134e-01,8.768538432833463681e-01,8.700537267094783367e-01,8.638225552183670386e-01,8.580630109657824134e-01,8.526967665294516996e-01,8.476638788158288307e-01,8.429193676338997410e-01,8.384300404537790019e-01,8.341719319801310650e-01,8.301282963453465724e-01,8.262880447737909195e-01,8.226445351386043603e-01,8.191946382045168784e-01,8.159380211464067889e-01,8.128766018051784004e-01,8.100141375148051104e-01,8.073559206156695200e-01,8.049085593177841558e-01,8.026798277147686456e-01,8.006785727602274694e-01,7.989146691460333738e-01,7.973990154724036605e-01,7.961435670577464707e-01,7.951614024172907191e-01,7.944668222199937624e-01,7.940754822858336892e-01,7.940045681178959924e-01,7.942730331653726772e-01,7.949019602898793613e-01,7.959151986679030566e-01,7.973406512220330145e-01,7.992130954271066123e-01,8.015804686007943491e-01,8.045171874988884531e-01,8.081473953739294336e-01,8.126524293121962783e-01,8.179855563077909064e-01,8.209378788911013691e-01,7.842637367328236797e-01,7.706909414581172291e-01,7.523647173984291392e-01,7.407506675046978684e-01,7.302530646730999164e-01,7.200715839269085095e-01,7.101016048667664338e-01,7.003242169568510977e-01,6.907308488801839896e-01,6.813142234130534769e-01,6.720673089948725476e-01,6.629832062051455033e-01,6.540551350376807571e-01,6.452764299391883229e-01,6.366405401722957658e-01,6.281410429953723229e-01,6.197713470235698408e-01,6.115249950220632558e-01,6.033957006079772034e-01,5.953772710786982003e-01,5.874635882258693043e-01,5.796486013853833219e-01,5.719263196470134591e-01,5.642907085166489756e-01,5.567354821319342451e-01,5.492551427535502517e-01,5.418441900177367598e-01,5.344970764520271533e-01,5.272084931907223826e-01,5.199744164510030631e-01,5.127968968214747791e-01,5.057065839479218949e-01,4.988701133491237338e-01,4.931242763045952660e-01,4.929908910703773017e-01,5.290738369463566793e-01,9.209089879742892171e-01,9.810643382922812350e-01,9.880244265149856764e-01,9.824090932734564907e-01,9.735159833498419069e-01,9.636577132284335212e-01,9.533929937065237503e-01,9.428200975707956566e-01,9.319343297981339536e-01,9.207677732757197919e-01,9.096102096014033744e-01,9.000000000000000222e-01
-1.800000000000000044e+00,-1.800000000000000044e+00,-1.786052481804168979e+00,-1.767021810410394744e+00,-1.745725959279544881e+00,-1.723426550415046998e+00,-1.700819303816175410e+00,-1.678325638369254191e+00,-1.656211667991816405e+00,-1.634648909772343339e+00,-1.613748736248742821e+00,-1.593582916172730624e+00,-1.574196263274719954e+00,-1.555614671264504034e+00,-1.537850393035605556e+00,-1.520905632468248170e+00,-1.504775069315953839e+00,-1.489447682630946623e+00,-1.474908092749682043e+00,-1.461137558418779570e+00,-1.448114717049964861e+00,-1.435816127004426956e+00,-1.424216652590547083e+00,-1.413289720195693100e+00,-1.403007464646440106e+00,-1.393340776178343177e+00,-1.384259247588001118e+00,-1.375731003685027209e+00,-1.367722362018698901e+00,-1.360197206138327397e+00,-1.353115810482343750e+00,-1.346432555233413098e+00,-1.340091333125676520e+00,-1.334016106773634691e+00,-1.328091243377877095e+00,-1.322120270031700295e+00,-1.315738889527909627e+00,-1.308229732890261232e+00,-1.298118251120605304e+00,-1.282237412177140046e+00,-1.253245457490139270e+00,-1.190910426217578033e+00,-1.011100359528239512e+00,-1.016490745745375568e+00,-1.030257776390104407e+00,-1.036945593090392137e+00,-1.043233516143619921e+00,-1.049560019963467816e+00,-1.055978323977562638e+00,-1.062499633636563745e+00,-1.069129888736115586e+00,-1.075874410956798588e+00,-1.082738519196584592e+00,-1.089727616762742324e+00,-1.096847214282060667e+00,-1.104102968385073380e+00,-1.111500763188885577e+00,-1.119045900701165497e+00,-1.126744509318091891e+00,-1.134602777497354387e+00,-1.142626921957319741e+00,-1.150823282833397077e+00,-1.159198336677872643e+00,-1.167758702076214128e+00,-1.176511121948284444e+00,-1.185462231102107022e+00,-1.194619643131532127e+00,-1.203990560442036672e+00,-1.213582254629885782e+00,-1.223402211547894858e+00,-1.233457949625734962e+00,-1.243756334093196525e+00,-1.254300483037282365e+00,-1.265075487436146284e+00,-1.275983726018146136e+00,-1.286589360236034540e+00,-1.295952056831225718e+00,-1.322446657221972410e+00,-1.895103811433014318e+00,-2.028392736991267764e+00,-2.061907904040258810e+00,-2.057027662103520615e+00,-2.033892451987685757e+00,-2.001393017450167289e+00,-1.964315399393032457e+00,-1.925635620858930697e+00,-1.887505113924400124e+00,-1.851878110233680985e+00,-1.821216920695118313e+00,-1.800000000000000044e+00
3.239713916530814096e-17,6.582762722685901682e-17,4.168998754810938599e-07,5.179359419338675729e-07,7.007692056474634309e-07,9.536977495168860376e-07,1.225007001167361649e-06,1.481526417495505729e-06,1.707593810448089915e-06,1.898152072213547050e-06,2.053741537171232087e-06,2.177543370769326884e-06,2.273763913460076963e-06,2.346801148482663996e-06,2.400845495870952653e-06,2.439713085789719357e-06,2.466798225434890491e-06,2.485083033223777111e-06,2.497171149710095512e-06,2.505328414315794124e-06,2.511522043230012676e-06,2.517454397634937269e-06,2.524589751624051656e-06,2.534173624858917088e-06,2.547244865594318500e-06,2.564641233532784935e-06,2.587000238806235798e-06,2.614759296410413387e-06,2.648164585788078263e-06,2.687309991722234092e-06,2.732254005641187842e-06,2.783320198148231078e-06,2.841811377566222599e-06,2.911634093458091622e-06,3.002898032685614869e-06,3.139764264777116262e-06,3.377408041778269436e-06,3.838590816801823105e-06,4.792617198675596434e-06,6.823606577330326562e-06,1.114049951062945858e-05,1.932876097315887809e-05,1.703912144560562074e-05,-6.960049764383374792e-04,-5.792597947836570539e-03,-7.266363271664041598e-03,-7.917123826286709062e-03,-8.364984167197712928e-03,-8.735239860470095027e-03,-9.052871849015830391e-03,-9.323064372416903570e-03,-9.547083562879647017e-03,-9.725405568062854902e-03,-9.858377540010397275e-03,-9.946536347709285589e-03,-9.991517544603482209e-03,-9.999973046322758671e-03,-9.999971856299258791e-03,-9.999969842546313145e-03,-9.999969704050384878e-03,-9.999969538299629743e-03,-9.999969372894670916e-03,-9.999969184413612031e-03,-9.999968929421535965e-03,-9.999981140921649150e-03,-9.998045516433500673e-03,-9.963866591783153773e-03,-9.889930815873370501e-03,-9.773912824277655731e-03,-9.615099773841919578e-03,-9.412619906286659108e-03,-9.163537230995430494e-03,-8.857367873445560341e-03,-8.458266318964064237e-03,-7.850928638276338106e-03,-6.701387059622461104e-03,-4.246168877060003434e-03,9.803242696972246236e-05,7.973453585302710408e-05,1.106130277533774427e-04,1.135562288010765229e-04,1.046728873029636374e-04,9.084170177543300563e-05,7.525298739042173468e-05,5.942194733856435073e-05,4.410360788178898067e-05,2.978475890477809532e-05,1.697088706066612754e-05,6.460572789444920043e-06,-2.883888411306175869e-16
9.000000000000000222e-01,9.000000000000000222e-01,8.923936411782829037e-01,8.843192134040902541e-01,8.768551448976589224e-01,8.700556084076557228e-01,8.638250474524251654e-01,8.580661388906684062e-01,8.527005507638930615e-01,8.476683368382567085e-01,8.429245151420818871e-01,8.384358923994217339e-01,8.341785032592390348e-01,8.301356022199826157e-01,8.262961011116263244e-01,8.226533585392236114e-01,8.192042460598271125e-01,8.159484316645519986e-01,8.128878340145350156e-01,8.100262112560903116e-01,8.073688565247583160e-01,8.049223787983295075e-01,8.026945528973374877e-01,8.006942264427756584e-01,7.989312747086038113e-01,7.974165967565000068e-01,7.961621481972709358e-01,7.951810076021967877e-01,7.944874753640749354e-01,7.940972065525908619e-01,7.940273852259069898e-01,7.942969623320565997e-01,7.949270165496746809e-01,7.959413900559387800e-01,7.973679738216346014e-01,7.992415242821649946e-01,8.016099404626796376e-01,8.045475672054022143e-01,8.081784090708601376e-01,8.126835312309604875e-01,8.180156826057436437e-01,8.209653534080432191e-01,7.842939671347187724e-01,7.707182969533693528e-01,7.523936891688921547e-01,7.407803043774086049e-01,7.302831506972909947e-01,7.201020898517800362e-01,7.101325383346744902e-01,7.003555936690593064e-01,6.907626874837795583e-01,6.813465444994989406e-01,6.721001346282383659e-01,6.630165589723555630e-01,6.540890355141135704e-01,6.453108922710033557e-01,6.366755826284592468e-01,6.281767641696178739e-01,6.198077746988205350e-01,6.115621637839130376e-01,6.034336503174251298e-01,5.954160435050485090e-01,5.875032231861309073e-01,5.796891260488951092e-01,5.719677234840675473e-01,5.643329859296125628e-01,5.567788617739702905e-01,5.492997339893833653e-01,5.418900728455205984e-01,5.345443291394407215e-01,5.272571983459591882e-01,5.200246709938907141e-01,5.128488456379217686e-01,5.057605359237200560e-01,4.989269283855374271e-01,4.931865988027451797e-01,4.930666718349190902e-01,5.291894529852813056e-01,9.210651437072264747e-01,9.812479430220217846e-01,9.882144696900231340e-01,9.825889030940710978e-01,9.736760287548735793e-01,9.637931898378876427e-01,9.535017952756345005e-01,9.429017848471751284e-01,9.319897979309498259e-01,9.207993875057082223e-01,9.096223464829914507e-01,9.000000000000000222e-01
-1.800000000000000044e+00,-1.800000000000000044e+00,-1.786052422481866797e+00,-1.767022044853974405e+00,-1.745726579625876740e+00,-1.723427604811990088e+00,-1.700820835370829620e+00,-1.678327689599494299e+00,-1.656214280579096920e+00,-1.634652124104369664e+00,-1.613752591182445295e+00,-1.593587448952957342e+00,-1.574201509542765498e+00,-1.555620665120634571e+00,-1.537857167134865977e+00,-1.520913218134591016e+00,-1.504783496662010833e+00,-1.489456980672003050e+00,-1.474918289501360169e+00,-1.461148680968609836e+00,-1.448126791593347562e+00,-1.435829178835292819e+00,-1.424230706036207827e+00,-1.413304798483805413e+00,-1.403023589689462503e+00,-1.393357968257078916e+00,-1.384277524910225043e+00,-1.375750381786731813e+00,-1.367742852962279931e+00,-1.360218817440076666e+00,-1.353138543663339854e+00,-1.346456403817643199e+00,-1.340116279775536601e+00,-1.334042118991817016e+00,-1.328118266685166970e+00,-1.322148216481720651e+00,-1.315767617267996403e+00,-1.308259007959956088e+00,-1.298147673031353921e+00,-1.282266265748878586e+00,-1.253272444878908320e+00,-1.190933771999936885e+00,-1.011131514033661194e+00,-1.016522913213218748e+00,-1.030291848624168116e+00,-1.036981160291190918e+00,-1.043270612543830245e+00,-1.049598675697266170e+00,-1.056018564529277892e+00,-1.062541484421245519e+00,-1.069173376035947642e+00,-1.075919562101449900e+00,-1.082785362672938012e+00,-1.089776182417392603e+00,-1.096897533591247198e+00,-1.104155073828501088e+00,-1.111554685810210108e+00,-1.119101684043845246e+00,-1.126802182792528306e+00,-1.134662376404153461e+00,-1.142688484039670493e+00,-1.150886847888559439e+00,-1.159263947498130110e+00,-1.167826406146835083e+00,-1.176580971134957299e+00,-1.185534289684747611e+00,-1.194694003975837138e+00,-1.204067258243928684e+00,-1.213661329660096655e+00,-1.223483711233773752e+00,-1.233541924099136322e+00,-1.243842832792914077e+00,-1.254389546128102273e+00,-1.265167116013085291e+00,-1.276077786113262835e+00,-1.286685406697976486e+00,-1.296050230322673746e+00,-1.322566765509586517e+00,-1.895257168131860182e+00,-2.028562522291918135e+00,-2.062083756199683648e+00,-2.057196104182978047e+00,-2.034043963827000034e+00,-2.001521943321614039e+00,-1.964418903066807109e+00,-1.925712926202963082e+00,-1.887557135344852366e+00,-1.851907426642746435e+00,-1.821228066896485975e+00,-1.800000000000000044e+00
